Number of hidden layers: 2
Number of nodes per hidden layer: 2
Iteration, Train set loss, Test set loss
0, 0.1770093238004694, 0.17633760711571567
5, 0.1770207209739216, 0.17634892871765048
10, 0.17703910467626802, 0.17636718503130303
15, 0.17704511935349032, 0.17637305224794017
20, 0.17703231708065323, 0.17636005909543773
25, 0.17700073217878518, 0.1763282033399658
30, 0.17695598732444642, 0.17628307133612278
35, 0.17689498225912098, 0.1762215287410277
40, 0.1767918920991944, 0.17611755608668783
45, 0.17658456499626743, 0.17590743520091262
50, 0.1760523153646865, 0.17535013795789764
55, 0.17044424662045468, 0.16874936977594648
60, 0.14963092551938328, 0.14592549984643824
65, 0.14039794473440306, 0.13681821188321486
70, 0.12548490273672705, 0.12213160595646745
75, 0.11520632739320148, 0.11184240257169976
80, 0.10842773940789943, 0.10493102404334635
85, 0.10242775352920253, 0.09877878909747793
90, 0.09620651506893972, 0.09262902207353355
95, 0.08917312317500242, 0.0858991964311038
100, 0.08220313777374662, 0.07923917607581782
105, 0.07648516873793888, 0.07369900928885117
110, 0.07208617123305192, 0.06938619387474859
115, 0.0685138241387488, 0.06584630441269032
120, 0.06556689504805042, 0.0628973773151615
125, 0.06314937198040868, 0.06047007716527572
130, 0.061158408971115845, 0.058477338918676645
135, 0.05948246791549914, 0.056811199593802215
140, 0.05795131418913228, 0.05530296460768994
145, 0.05653444974466801, 0.05390983080247111
150, 0.055339900844582, 0.05273849860004635
155, 0.05431997005218488, 0.051747116118179386
160, 0.05340227857790271, 0.05086455067900403
165, 0.05252793043441955, 0.05003186042401408
170, 0.05168920501526921, 0.04923893464580511
175, 0.05090628398849176, 0.04850309509806421
180, 0.050187098810923536, 0.04783119470822245
185, 0.04952848683941431, 0.047220147856354755
190, 0.04892335841406263, 0.04666316660921361
195, 0.04836390563800119, 0.046152473581632415
200, 0.04794480407267278, 0.04577255190875944
This is test set accuracy
+-----------+---------------+---------------+
|           | Prediction: 1 | Prediction: 0 |
+-----------+---------------+---------------+
| Actual: 1 |      522      |       76      |
| Actual: 0 |       27      |      587      |
+-----------+---------------+---------------+
Accuracy: 0.915016501650165
Upper Accuracy Bound 0.9307160271674827
Lower Accuracy Bound 0.8993169761328473
Precision: 0.9508196721311475
Recall: 0.8729096989966555
FPR: 0.043973941368078175
FNR: 0.12709030100334448
This is train set accuracy
+-----------+---------------+---------------+
|           | Prediction: 1 | Prediction: 0 |
+-----------+---------------+---------------+
| Actual: 1 |      1568     |      218      |
| Actual: 0 |       82      |      1766     |
+-----------+---------------+---------------+
Accuracy: 0.9174463401210787
Upper Accuracy Bound 0.926394260521331
Lower Accuracy Bound 0.9084984197208265
Precision: 0.9503030303030303
Recall: 0.8779395296752519
FPR: 0.044372294372294376
FNR: 0.12206047032474804

Number of hidden layers: 2
Number of nodes per hidden layer: 5
Iteration, Train set loss, Test set loss
0, 0.17625025797545937, 0.1755813223952976
5, 0.17626074242221243, 0.17559175455763532
10, 0.17625115165290947, 0.17558205782103012
15, 0.17619296640827078, 0.17552352469814636
20, 0.17607383143989347, 0.17540235240067253
25, 0.17587844551548618, 0.17518193304970747
30, 0.16356585886834182, 0.16114076691849996
35, 0.1412250059109827, 0.13675372222424922
40, 0.11626324688667197, 0.11137897166455732
45, 0.1056171940014842, 0.10051705753066138
50, 0.10055891448650942, 0.09544121199603656
55, 0.09741002954285843, 0.09236996712174118
60, 0.09419326887575795, 0.08929099264398972
65, 0.09037024345980244, 0.08567101153653196
70, 0.08603501537962138, 0.08160412576925868
75, 0.08139628830237758, 0.07722912118111327
80, 0.07696277784023052, 0.07296637747494278
85, 0.07312707191216007, 0.06928078353930288
90, 0.06954520091532401, 0.06589666689687426
95, 0.06520100834359213, 0.061843531648636346
100, 0.06115187588590746, 0.0581578104866636
105, 0.05793323890537353, 0.055257528905287
110, 0.05547603487223151, 0.053053419698054896
115, 0.053020564540547675, 0.050833017143394166
120, 0.049886356978575776, 0.047945354723850676
125, 0.0463248831868975, 0.04461085510205798
130, 0.0432279522406566, 0.04169446992079583
135, 0.040703456060655105, 0.039321450272927265
140, 0.038638830482358784, 0.03739012831821404
145, 0.03682608416581157, 0.0356942616472047
150, 0.035067277801810244, 0.034036531276391654
155, 0.033608987985821494, 0.032644387489034046
160, 0.03192072618340708, 0.031022494066698818
165, 0.02984575028231652, 0.02903478038847522
170, 0.028181108650933588, 0.02744146258102724
175, 0.026849275911573173, 0.02616662605117854
180, 0.025731480572674884, 0.025099673700688496
185, 0.024745312902509115, 0.024166947222105384
190, 0.023838007422553657, 0.023318606998572217
195, 0.022972899102548263, 0.02251708231733329
200, 0.022299284273940716, 0.021896198462878755
This is test set accuracy
+-----------+---------------+---------------+
|           | Prediction: 1 | Prediction: 0 |
+-----------+---------------+---------------+
| Actual: 1 |      503      |       95      |
| Actual: 0 |       16      |      598      |
+-----------+---------------+---------------+
Accuracy: 0.9084158415841584
Upper Accuracy Bound 0.9246547671255136
Lower Accuracy Bound 0.8921769160428032
Precision: 0.9691714836223507
Recall: 0.8411371237458194
FPR: 0.026058631921824105
FNR: 0.1588628762541806
This is train set accuracy
+-----------+---------------+---------------+
|           | Prediction: 1 | Prediction: 0 |
+-----------+---------------+---------------+
| Actual: 1 |      1502     |      284      |
| Actual: 0 |       51      |      1797     |
+-----------+---------------+---------------+
Accuracy: 0.9078150798018713
Upper Accuracy Bound 0.9172208041799573
Lower Accuracy Bound 0.8984093554237852
Precision: 0.9671603348358017
Recall: 0.8409854423292273
FPR: 0.027597402597402596
FNR: 0.1590145576707727

Number of hidden layers: 2
Number of nodes per hidden layer: 10
Iteration, Train set loss, Test set loss
0, 0.17612656701944573, 0.17545816984619741
5, 0.17613953640085783, 0.17547103300417624
10, 0.1760680884642196, 0.1753994192801387
15, 0.17582923297516295, 0.17515938820481525
20, 0.17544936411151932, 0.17476252882189586
25, 0.17020110543553008, 0.1688015997111132
30, 0.15001714137158811, 0.14585227975530216
35, 0.11920191865772069, 0.11440303236072907
40, 0.10466870727334397, 0.09963237587779909
45, 0.09756693686896963, 0.09243047410092847
50, 0.09288103746009908, 0.08775337082431471
55, 0.08918672801451277, 0.08413556251573477
60, 0.0864408508946516, 0.08150714104381132
65, 0.08425336674407917, 0.07949171849227193
70, 0.08230714255363861, 0.07778433882546038
75, 0.08047185310980011, 0.07623452126463097
80, 0.0786651176933984, 0.07473136935134694
85, 0.0768345473790315, 0.0732002186721917
90, 0.07496041335749962, 0.07160564835894329
95, 0.07303170729093232, 0.06993181226262866
100, 0.07105990600292274, 0.06819455908670752
105, 0.06910514269529391, 0.06645911579717852
110, 0.06724819824112065, 0.06480860129018
115, 0.06554517882613446, 0.06330042536830979
120, 0.06400809723123545, 0.061948474145110406
125, 0.06261415299475252, 0.060730476186115344
130, 0.06132559156183619, 0.05960538967433561
135, 0.06010829384557969, 0.05853452197754799
140, 0.058940327817405706, 0.05749594845872047
145, 0.05779641770952643, 0.056470225566865206
150, 0.05665347308489364, 0.055442171665183074
155, 0.05551549364961445, 0.05442192929897543
160, 0.05439185371990424, 0.05342380581546455
165, 0.053273958750283235, 0.052444564441552786
170, 0.052145355404651, 0.0514713445473955
175, 0.051014605388888155, 0.05051153930352884
180, 0.05003476460560295, 0.049714490180538605
185, 0.048992470801168454, 0.048862123183381435
190, 0.04743698094901728, 0.04750399677149908
195, 0.04617113470964507, 0.04641703806360219
200, 0.045127457154344165, 0.04549866293971768
This is test set accuracy
+-----------+---------------+---------------+
|           | Prediction: 1 | Prediction: 0 |
+-----------+---------------+---------------+
| Actual: 1 |      543      |       55      |
| Actual: 0 |       60      |      554      |
+-----------+---------------+---------------+
Accuracy: 0.9051155115511551
Upper Accuracy Bound 0.9216143881983376
Lower Accuracy Bound 0.8886166349039726
Precision: 0.900497512437811
Recall: 0.9080267558528428
FPR: 0.09771986970684039
FNR: 0.09197324414715718
This is train set accuracy
+-----------+---------------+---------------+
|           | Prediction: 1 | Prediction: 0 |
+-----------+---------------+---------------+
| Actual: 1 |      1674     |      112      |
| Actual: 0 |      137      |      1711     |
+-----------+---------------+---------------+
Accuracy: 0.9314804623004953
Upper Accuracy Bound 0.9396945190114742
Lower Accuracy Bound 0.9232664055895164
Precision: 0.9243511871893981
Recall: 0.9372900335946248
FPR: 0.07413419913419914
FNR: 0.06270996640537514

Number of hidden layers: 2
Number of nodes per hidden layer: 15
Iteration, Train set loss, Test set loss
0, 0.17601914988353026, 0.17535105382708116
5, 0.17601980600299408, 0.17535095988168345
10, 0.17583789174711656, 0.17516523077736915
15, 0.17523312695827634, 0.1744780832165098
20, 0.15735073759479618, 0.15350336549158983
25, 0.12945669741944374, 0.12456512190546047
30, 0.11309641306115284, 0.10791214580533603
35, 0.10514949100099046, 0.09984430565575186
40, 0.10060343635604455, 0.0953846622232435
45, 0.09720853367252912, 0.09211416429599587
50, 0.09412519664554513, 0.08916761734356268
55, 0.0914477173990205, 0.08664713070773011
60, 0.08895945894504942, 0.08432435553131501
65, 0.08650516375555897, 0.08203767617569753
70, 0.08387956896904872, 0.07958107369363679
75, 0.08105364499970145, 0.07692613885352247
80, 0.07827142494114668, 0.07433950729314111
85, 0.07512677769801973, 0.07145593982074831
90, 0.07106745194041116, 0.06768953337256903
95, 0.06672885678901398, 0.06367390718268957
100, 0.06244496559378195, 0.05972521060025329
105, 0.05841451603656628, 0.05601035122076303
110, 0.05480448597676726, 0.05267923514382125
115, 0.05168099563360052, 0.04979290696936112
120, 0.04902946972851265, 0.047336128955550213
125, 0.04676169022958963, 0.04522789854702062
130, 0.044754612820569306, 0.04335969250740729
135, 0.042942114696437876, 0.04167787724038118
140, 0.041338626366256015, 0.040200186185521
145, 0.039991057216057134, 0.038968085660018505
150, 0.03890534335141802, 0.03798257798572875
155, 0.03802710955089066, 0.03719153311349818
160, 0.03746393671216794, 0.03670134222091067
165, 0.037460553922400164, 0.036751586010138726
170, 0.03626172164730257, 0.03565026670374657
175, 0.03481214997763811, 0.03430500469317157
180, 0.03346420722692259, 0.03305515348524924
185, 0.03229564932529791, 0.031980006079029795
190, 0.031273868495748675, 0.031053028794808125
195, 0.03035380588008448, 0.03023281178577118
200, 0.029672661878145885, 0.02963487752182329
This is test set accuracy
+-----------+---------------+---------------+
|           | Prediction: 1 | Prediction: 0 |
+-----------+---------------+---------------+
| Actual: 1 |      526      |       72      |
| Actual: 0 |       25      |      589      |
+-----------+---------------+---------------+
Accuracy: 0.91996699669967
Upper Accuracy Bound 0.9352435522080094
Lower Accuracy Bound 0.9046904411913306
Precision: 0.9546279491833031
Recall: 0.8795986622073578
FPR: 0.04071661237785016
FNR: 0.12040133779264214
This is train set accuracy
+-----------+---------------+---------------+
|           | Prediction: 1 | Prediction: 0 |
+-----------+---------------+---------------+
| Actual: 1 |      1594     |      192      |
| Actual: 0 |       75      |      1773     |
+-----------+---------------+---------------+
Accuracy: 0.92652724270776
Upper Accuracy Bound 0.9350103678901553
Lower Accuracy Bound 0.9180441175253646
Precision: 0.9550629119233074
Recall: 0.8924972004479284
FPR: 0.040584415584415584
FNR: 0.10750279955207166

Number of hidden layers: 2
Number of nodes per hidden layer: 20
Iteration, Train set loss, Test set loss
0, 0.17592538462565718, 0.17525763555222212
5, 0.17583747248699277, 0.17516753967576632
10, 0.17510614443671194, 0.17436717622582812
15, 0.15846963857865168, 0.15518102788135804
20, 0.134523205600175, 0.12991003489198327
25, 0.11319189047928806, 0.10810971439589587
30, 0.10334671345434984, 0.09802239764087105
35, 0.09716827795267761, 0.09183596679783128
40, 0.09282685074487478, 0.08759706041219517
45, 0.08947275575717152, 0.08437727174972115
50, 0.08665315256107538, 0.08172640408288565
55, 0.08406125343870606, 0.07930258373499419
60, 0.08169387498669475, 0.07709973633588839
65, 0.07959419210899207, 0.07516267244885402
70, 0.0777322362338727, 0.07346606918496708
75, 0.07606778565907713, 0.07198011631453471
80, 0.07456944078950226, 0.07068444800013554
85, 0.07321885858292244, 0.06956420088991525
90, 0.07199146072115607, 0.06858804857768813
95, 0.07078459114852272, 0.06764222251842168
100, 0.06950849336807945, 0.06662675298691413
105, 0.0681665269616607, 0.06553822982468002
110, 0.06673168143509547, 0.06434822973723768
115, 0.06515831883659914, 0.06301186982391345
120, 0.06341644167291977, 0.06149873976894634
125, 0.061501339545486464, 0.05980797198403143
130, 0.05947382415517311, 0.058011111571961274
135, 0.05746257096550062, 0.05623742557734387
140, 0.055523931536081636, 0.054531782093276734
145, 0.053609777860123185, 0.05283835047219756
150, 0.05163864561950974, 0.051076228665502245
155, 0.04955461351098339, 0.049191349425038514
160, 0.04737686666984948, 0.04719304959323449
165, 0.04521686790640007, 0.045174195755024134
170, 0.04311726996421635, 0.04317989753677876
175, 0.04108525747098444, 0.041233962172708805
180, 0.039274385550431924, 0.03949702530950147
185, 0.03788600225768444, 0.03817153306988714
190, 0.03633945159844912, 0.03669515147746846
195, 0.03485905451225122, 0.03527293227501256
200, 0.03386240508255705, 0.03431933671344039
This is test set accuracy
+-----------+---------------+---------------+
|           | Prediction: 1 | Prediction: 0 |
+-----------+---------------+---------------+
| Actual: 1 |      527      |       71      |
| Actual: 0 |       36      |      578      |
+-----------+---------------+---------------+
Accuracy: 0.9117161716171617
Upper Accuracy Bound 0.9276887552013642
Lower Accuracy Bound 0.8957435880329592
Precision: 0.9360568383658969
Recall: 0.8812709030100334
FPR: 0.05863192182410423
FNR: 0.11872909698996656
This is train set accuracy
+-----------+---------------+---------------+
|           | Prediction: 1 | Prediction: 0 |
+-----------+---------------+---------------+
| Actual: 1 |      1620     |      166      |
| Actual: 0 |       92      |      1756     |
+-----------+---------------+---------------+
Accuracy: 0.9290038525041276
Upper Accuracy Bound 0.9373539156324233
Lower Accuracy Bound 0.920653789375832
Precision: 0.9462616822429907
Recall: 0.9070548712206047
FPR: 0.049783549783549784
FNR: 0.0929451287793953
