Number of hidden layers: 1
Number of nodes per hidden layer: 2
Iteration, Train set loss, Test set loss
0, 0.17563143519685964, 0.1749408456623181
5, 0.1445054331310901, 0.14263058949595808
10, 0.1462139648377293, 0.14194459759785513
15, 0.12532842103093728, 0.120986547453938
20, 0.11521836242706289, 0.11089959613289582
25, 0.10997970572592848, 0.10567618898610028
30, 0.10627879206769648, 0.10203476053058522
35, 0.10299813346776658, 0.09888665253629546
40, 0.09992082187504855, 0.0959976416992086
45, 0.09707017877791799, 0.09336752556915996
50, 0.09447705805070329, 0.09101076233420592
55, 0.09216202427232739, 0.08893107791823296
60, 0.09013605638905088, 0.08712574150402878
65, 0.08841225865539441, 0.08560033486333733
70, 0.08700983870606555, 0.08437045111162302
75, 0.08593722401126389, 0.08344203764910882
80, 0.08516705574936076, 0.08278675041195645
85, 0.08462693963366735, 0.08233440495487483
90, 0.08421465038050123, 0.08198829412226706
95, 0.08383302100184926, 0.08165892862274834
100, 0.08342279818345075, 0.08129539989839082
105, 0.08295836637803305, 0.08087883815645874
110, 0.0824317553682045, 0.08040496248901373
115, 0.08185023757347806, 0.07988161790582216
120, 0.08123144265109808, 0.07932469182343391
125, 0.08059565677036025, 0.07875157305941761
130, 0.07996143445740674, 0.0781779276288726
135, 0.07934390429329195, 0.07761687568829466
140, 0.07875377236624097, 0.07707824369214518
145, 0.07819716582893958, 0.07656810610225319
150, 0.0776764045536702, 0.0760891192062211
155, 0.0771911623950905, 0.07564137981174575
160, 0.0767395645387105, 0.07522338467392596
165, 0.07631901844812307, 0.07483282777830882
170, 0.07592674653272123, 0.07446714744441611
175, 0.07556007921561966, 0.07412384775165101
180, 0.07521659421940494, 0.07380066269228255
185, 0.07489417479092939, 0.07349562913275054
190, 0.07459103105035707, 0.07320711290809291
195, 0.07430570202579938, 0.07293380943235564
200, 0.07408948384951423, 0.07272544207452326
This is test set accuracy: Accuracy: 0.8960396039603961
Upper Accuracy Bound 0.913222735978558
Lower Accuracy Bound 0.8788564719422342

This is train set accuracy
Accuracy: 0.910566868464502
Upper Accuracy Bound 0.9198451757345576
Lower Accuracy Bound 0.9012885611944463

Number of hidden layers: 1
Number of nodes per hidden layer: 5
Iteration, Train set loss, Test set loss
0, 0.17570236346310308, 0.17491388581751874
5, 0.1493517316856075, 0.14524936346035247
10, 0.12542907939446737, 0.12089788254293767
15, 0.11272347420537476, 0.10802147182508555
20, 0.10585139026181553, 0.1010128647252656
25, 0.10147703014355715, 0.09656733307075448
30, 0.09831544446728036, 0.09339800020599447
35, 0.09588967009519993, 0.09101369202419701
40, 0.09392973915799564, 0.08913037435085332
45, 0.09231477110521924, 0.08761499420764282
50, 0.09100782831407553, 0.08642222242489649
55, 0.08989639845049625, 0.08542951006345169
60, 0.08876861528811895, 0.08439287642834815
65, 0.08768400694042816, 0.0833701845275412
70, 0.08647480869212927, 0.08225172638549236
75, 0.08490675147969164, 0.08079491496525959
80, 0.08278618442996726, 0.07883760080890112
85, 0.08005987192799591, 0.07637493578344341
90, 0.07677786869297185, 0.07344998451881103
95, 0.07316084954333854, 0.07022269443576476
100, 0.06953945810965252, 0.06696038799900121
105, 0.06615709254788082, 0.06388367427878823
110, 0.0631122131799718, 0.061088923515864445
115, 0.06043310042956643, 0.05860701916407724
120, 0.0581023497065766, 0.056427169549643094
125, 0.05607814915861038, 0.05451869339946406
130, 0.05432825968034003, 0.05285847217935109
135, 0.052854147184108836, 0.05145193176564717
140, 0.05169923158838698, 0.05034187693633493
145, 0.050910087166341725, 0.04957211726897011
150, 0.0501173458095936, 0.04878812777804801
155, 0.049136671824374006, 0.047817706029448036
160, 0.04817409196594534, 0.046863544853218815
165, 0.04729173008777157, 0.045986516493497887
170, 0.046494943309943866, 0.04519232437789406
175, 0.045774669490843, 0.044473029470136066
180, 0.04511433688480253, 0.04381378011954977
185, 0.044491306241528854, 0.04319422626071437
190, 0.04388743222321144, 0.04259811256491133
195, 0.04331212480035196, 0.04203359801464978
200, 0.04289004177978793, 0.04162013250746567
This is test set accuracy
+-----------+---------------+---------------+
|           | Prediction: 1 | Prediction: 0 |
+-----------+---------------+---------------+
| Actual: 1 |      525      |       73      |
| Actual: 0 |       27      |      587      |
+-----------+---------------+---------------+
Accuracy: 0.9174917491749175
Upper Accuracy Bound 0.9329818603664277
Lower Accuracy Bound 0.9020016379834073
Precision: 0.9510869565217391
Recall: 0.8779264214046822
FPR: 0.043973941368078175
FNR: 0.12207357859531773
This is train set accuracy
+-----------+---------------+---------------+
|           | Prediction: 1 | Prediction: 0 |
+-----------+---------------+---------------+
| Actual: 1 |      1590     |      196      |
| Actual: 0 |       78      |      1770     |
+-----------+---------------+---------------+
Accuracy: 0.9246009906439185
Upper Accuracy Bound 0.9331856606781752
Lower Accuracy Bound 0.9160163206096619
Precision: 0.9532374100719424
Recall: 0.8902575587905935
FPR: 0.04220779220779221
FNR: 0.10974244120940649

Number of hidden layers: 1
Number of nodes per hidden layer: 10
Iteration, Train set loss, Test set loss
0, 0.17523742866368255, 0.17443767242796754
5, 0.14869886206864785, 0.14464188897895822
10, 0.1267660729355451, 0.12218480056888183
15, 0.11322669512027796, 0.10842335862857198
20, 0.10565033870901641, 0.10068566664614714
25, 0.1008080741517666, 0.09576091374220772
30, 0.09729970587712997, 0.09224133503028446
35, 0.09456215417591127, 0.08954068993337466
40, 0.0926553574410559, 0.08773250460325296
45, 0.0907143870902313, 0.08589960385462045
50, 0.08881785693042718, 0.08411092946813398
55, 0.08684655579173724, 0.08224872718588365
60, 0.08468594647221618, 0.08020311443272254
65, 0.08314959843045283, 0.07881742195609683
70, 0.08053774124807835, 0.07645934640180618
75, 0.07691012725801086, 0.07312501481113387
80, 0.0728182561731355, 0.0693357742728598
85, 0.06856406369936419, 0.06538479043635449
90, 0.06447453398293615, 0.06157850428232518
95, 0.06076901059144692, 0.058120926202666304
100, 0.057534472379068155, 0.05509416226024264
105, 0.05476703942920751, 0.05249622803060827
110, 0.052424808986095785, 0.05028979637262685
115, 0.05045903028262833, 0.04843121926559052
120, 0.048824765096585065, 0.04688002170610534
125, 0.047486128357762725, 0.04560321706239308
130, 0.04641817773227496, 0.04457688857266069
135, 0.04560400718902024, 0.04378390486705661
140, 0.04502885512058583, 0.04320909974202901
145, 0.044658642757521703, 0.042819502032689805
150, 0.04438426011861417, 0.04251301864477224
155, 0.044050339544477526, 0.04214686085579432
160, 0.04361770078793926, 0.04168825971859985
165, 0.043137816393470474, 0.04118791810584661
170, 0.0426587370399276, 0.04069149116795672
175, 0.04220927285810267, 0.04022552753261166
180, 0.04180329338351734, 0.03980213824740076
185, 0.04144336410822905, 0.03942253802121836
190, 0.04112246963805907, 0.03907848259923664
195, 0.04083089733804018, 0.03875918243700954
200, 0.04061705938836111, 0.03851971315917935
This is test set accuracy
+-----------+---------------+---------------+
|           | Prediction: 1 | Prediction: 0 |
+-----------+---------------+---------------+
| Actual: 1 |      527      |       71      |
| Actual: 0 |       26      |      588      |
+-----------+---------------+---------------+
Accuracy: 0.91996699669967
Upper Accuracy Bound 0.9352435522080094
Lower Accuracy Bound 0.9046904411913306
Precision: 0.9529837251356239
Recall: 0.8812709030100334
FPR: 0.04234527687296417
FNR: 0.11872909698996656
This is train set accuracy
+-----------+---------------+---------------+
|           | Prediction: 1 | Prediction: 0 |
+-----------+---------------+---------------+
| Actual: 1 |      1599     |      187      |
| Actual: 0 |       84      |      1764     |
+-----------+---------------+---------------+
Accuracy: 0.9254265272427078
Upper Accuracy Bound 0.9339678821127125
Lower Accuracy Bound 0.9168851723727031
Precision: 0.9500891265597148
Recall: 0.8952967525195968
FPR: 0.045454545454545456
FNR: 0.10470324748040313

Number of hidden layers: 1
Number of nodes per hidden layer: 15
Iteration, Train set loss, Test set loss
0, 0.17384070606213636, 0.17295933594967547
5, 0.1469931896709755, 0.14298737258156033
10, 0.12549148118823686, 0.12089919447050518
15, 0.1121858655319297, 0.10734684631104068
20, 0.10472934732454817, 0.0997255895562664
25, 0.09993807533010046, 0.09485434407667137
30, 0.09643344054237614, 0.09134055037658625
35, 0.09382406009676711, 0.0888300612622621
40, 0.09168976805438543, 0.08681155291463483
45, 0.08949777490132602, 0.08472676304230532
50, 0.08745152168441109, 0.08279076529824102
55, 0.08558360479788595, 0.08103458255610328
60, 0.08383391164472159, 0.07939577117047336
65, 0.08207218648863822, 0.07774375411902826
70, 0.0802334919600254, 0.07601737347455144
75, 0.07864813587175358, 0.07455978496492548
80, 0.07790408480272057, 0.07399510811755493
85, 0.07573526696914198, 0.0720188702072186
90, 0.07282626062582245, 0.06932172941591039
95, 0.0695054214346505, 0.06624532661523741
100, 0.06599694590764328, 0.06300559532356742
105, 0.06251937998877412, 0.05979785484704834
110, 0.05923634081018088, 0.05676649520973321
115, 0.056258415334053964, 0.05401160403382667
120, 0.053644460233452144, 0.05158816663329365
125, 0.05139890068204237, 0.04950159281459979
130, 0.04948953857619374, 0.0477234791890544
135, 0.04787222012822839, 0.04621411922715884
140, 0.04650555055771135, 0.044935967937367885
145, 0.045354670355398544, 0.04385717583223245
150, 0.04439003103067193, 0.04295058320495754
155, 0.043586008953763376, 0.042192465813078436
160, 0.042920566651135986, 0.041562154888715064
165, 0.042376097704535556, 0.04104305027100986
170, 0.04194304613773892, 0.04062663625103393
175, 0.0416239618655343, 0.040316543633027405
180, 0.04142527585217133, 0.040120425706576646
185, 0.04131066963477871, 0.040006116722127186
190, 0.04115878979710032, 0.039861894525287184
195, 0.0409011123097222, 0.039623619983963666
200, 0.040645288260138926, 0.039389459717667066
This is test set accuracy
+-----------+---------------+---------------+
|           | Prediction: 1 | Prediction: 0 |
+-----------+---------------+---------------+
| Actual: 1 |      527      |       71      |
| Actual: 0 |       31      |      583      |
+-----------+---------------+---------------+
Accuracy: 0.9158415841584159
Upper Accuracy Bound 0.9314717547083204
Lower Accuracy Bound 0.9002114136085113
Precision: 0.9444444444444444
Recall: 0.8812709030100334
FPR: 0.050488599348534204
FNR: 0.11872909698996656
This is train set accuracy
+-----------+---------------+---------------+
|           | Prediction: 1 | Prediction: 0 |
+-----------+---------------+---------------+
| Actual: 1 |      1604     |      182      |
| Actual: 0 |       87      |      1761     |
+-----------+---------------+---------------+
Accuracy: 0.9259768849752339
Upper Accuracy Bound 0.9344891936006804
Lower Accuracy Bound 0.9174645763497874
Precision: 0.9485511531638084
Recall: 0.8980963045912654
FPR: 0.04707792207792208
FNR: 0.1019036954087346

Number of hidden layers: 1
Number of nodes per hidden layer: 20
Iteration, Train set loss, Test set loss
0, 0.17296444560808594, 0.172025865492673
5, 0.1475936578791038, 0.14356443238392363
10, 0.12562125323727052, 0.12106333917754043
15, 0.1120944567610515, 0.10730089830618342
20, 0.10455628219841784, 0.09960013657435748
25, 0.09950922801166807, 0.09449892588102576
30, 0.09605143560583676, 0.09106134196084432
35, 0.09334905120651812, 0.08845757964687116
40, 0.0909633799165629, 0.08616861501120288
45, 0.08890127310346001, 0.08421503334022494
50, 0.0875249083122694, 0.08295963617550041
55, 0.08668381423043739, 0.08225462695621201
60, 0.0855632972208055, 0.08126434470270362
65, 0.08439554005885673, 0.08021531076460017
70, 0.08312797895907856, 0.07904001334558453
75, 0.08154973136957851, 0.0775198971091453
80, 0.07932944934136134, 0.07536216893869027
85, 0.07631808939923056, 0.0724849678655556
90, 0.07280062643103513, 0.06918000546667553
95, 0.0692491463069593, 0.06587436746243237
100, 0.06623946033510505, 0.06308906671936886
105, 0.06340490142207438, 0.060467670563209876
110, 0.060137504306951715, 0.05741974001284998
115, 0.05707229944027305, 0.0545492282353759
120, 0.05440817302249314, 0.052047527409809224
125, 0.052190279598869085, 0.04995811321799224
130, 0.050387364266903344, 0.048252080336070424
135, 0.04892839957106594, 0.046863137475401676
140, 0.04772913437890141, 0.045712831685510553
145, 0.04671177434353843, 0.044729298809808186
150, 0.04582019244216508, 0.04386162566693974
155, 0.0450252612780329, 0.04308399347883611
160, 0.04431469223239412, 0.042384120681221576
165, 0.04368191349241904, 0.04175236620329636
170, 0.04312473165527093, 0.04118437276292362
175, 0.04264839491617812, 0.040686387866087685
180, 0.042268506375441446, 0.04027521635054882
185, 0.04200441531438744, 0.03996996241212396
190, 0.041849779312698066, 0.039765191728699426
195, 0.0417135977566694, 0.039578383910248364
200, 0.04151805010355946, 0.03935178670286768
This is test set accuracy
+-----------+---------------+---------------+
|           | Prediction: 1 | Prediction: 0 |
+-----------+---------------+---------------+
| Actual: 1 |      530      |       68      |
| Actual: 0 |       30      |      584      |
+-----------+---------------+---------------+
Accuracy: 0.9191419141914191
Upper Accuracy Bound 0.9344901256802565
Lower Accuracy Bound 0.9037937027025817
Precision: 0.9464285714285714
Recall: 0.8862876254180602
FPR: 0.048859934853420196
FNR: 0.11371237458193979
This is train set accuracy
+-----------+---------------+---------------+
|           | Prediction: 1 | Prediction: 0 |
+-----------+---------------+---------------+
| Actual: 1 |      1622     |      164      |
| Actual: 0 |       98      |      1750     |
+-----------+---------------+---------------+
Accuracy: 0.9279031370390755
Upper Accuracy Bound 0.9363126939803834
Lower Accuracy Bound 0.9194935800977675
Precision: 0.9430232558139535
Recall: 0.9081746920492721
FPR: 0.05303030303030303
FNR: 0.09182530795072788


